<?xml version="1.0" encoding="utf-8"?>
<COLLADA xmlns="http://www.collada.org/2005/11/COLLADASchema" version="1.4.1">
<asset>
	<contributor>
		<author>Anonymous</author>
		<authoring_tool>Collada Exporter for Blender 2.6+, by Juan Linietsky (juan@codenix.com)</authoring_tool>
	</contributor>
	<created>2019-05-27T15:06:43Z</created>
	<modified>2019-05-27T15:06:43Z</modified>
	<unit meter="1.0" name="meter"/>
	<up_axis>Z_UP</up_axis>
</asset>
<library_animation_clips>
	<animation_clip name="Idle" start="0.0" end="0.016666666666666666">
	</animation_clip>
	<animation_clip name="Walk" start="0.0" end="0.4166666666666667">
		<instance_animation url="#id-anim-56"/>
		<instance_animation url="#id-anim-57"/>
		<instance_animation url="#id-anim-58"/>
		<instance_animation url="#id-anim-59"/>
		<instance_animation url="#id-anim-60"/>
		<instance_animation url="#id-anim-61"/>
		<instance_animation url="#id-anim-62"/>
		<instance_animation url="#id-anim-63"/>
		<instance_animation url="#id-anim-64"/>
		<instance_animation url="#id-anim-65"/>
		<instance_animation url="#id-anim-66"/>
		<instance_animation url="#id-anim-67"/>
		<instance_animation url="#id-anim-68"/>
		<instance_animation url="#id-anim-69"/>
		<instance_animation url="#id-anim-70"/>
		<instance_animation url="#id-anim-71"/>
		<instance_animation url="#id-anim-72"/>
		<instance_animation url="#id-anim-73"/>
		<instance_animation url="#id-anim-74"/>
		<instance_animation url="#id-anim-75"/>
		<instance_animation url="#id-anim-76"/>
		<instance_animation url="#id-anim-77"/>
		<instance_animation url="#id-anim-78"/>
		<instance_animation url="#id-anim-79"/>
		<instance_animation url="#id-anim-80"/>
		<instance_animation url="#id-anim-81"/>
		<instance_animation url="#id-anim-82"/>
		<instance_animation url="#id-anim-83"/>
		<instance_animation url="#id-anim-84"/>
		<instance_animation url="#id-anim-85"/>
		<instance_animation url="#id-anim-86"/>
		<instance_animation url="#id-anim-87"/>
		<instance_animation url="#id-anim-88"/>
		<instance_animation url="#id-anim-89"/>
		<instance_animation url="#id-anim-90"/>
		<instance_animation url="#id-anim-91"/>
		<instance_animation url="#id-anim-92"/>
		<instance_animation url="#id-anim-93"/>
		<instance_animation url="#id-anim-94"/>
		<instance_animation url="#id-anim-95"/>
		<instance_animation url="#id-anim-96"/>
		<instance_animation url="#id-anim-97"/>
		<instance_animation url="#id-anim-98"/>
		<instance_animation url="#id-anim-99"/>
		<instance_animation url="#id-anim-100"/>
		<instance_animation url="#id-anim-101"/>
		<instance_animation url="#id-anim-102"/>
		<instance_animation url="#id-anim-103"/>
		<instance_animation url="#id-anim-104"/>
		<instance_animation url="#id-anim-105"/>
		<instance_animation url="#id-anim-106"/>
		<instance_animation url="#id-anim-107"/>
		<instance_animation url="#id-anim-108"/>
		<instance_animation url="#id-anim-109"/>
	</animation_clip>
</library_animation_clips>
<library_visual_scenes>
	<visual_scene id="id-scene-1" name="scene">
		<node id="Armature" name="Armature" type="NODE">
			<matrix sid="transform"> 0.20860715210437775 0.0 0.0 0.0 0.0 0.20860715210437775 0.0 0.0 0.0 0.0 0.20860715210437775 0.0 0.0 0.0 0.0 1.0  </matrix>
			<node id="id-bone-3" sid="id-skelbones-2-0" name="Root" type="JOINT">
				<matrix sid="transform"> -1.0 1.7763568394002505e-15 1.509957741063772e-07 0.0 1.488126315507543e-07 -0.16943368315696716 0.9855414628982544 0.19196158647537231 2.5583778651139255e-08 0.9855412840843201 0.1694338470697403 4.440329074859619 0.0 0.0 0.0 1.0  </matrix>
				<node id="id-bone-4" sid="id-skelbones-2-1" name="Spine1" type="JOINT">
					<matrix sid="transform"> 1.0 4.406408748991453e-08 2.3184610142834572e-07 -5.636221605534106e-15 2.551202626932536e-08 0.9564722776412964 -0.2918233573436737 0.922910213470459 -2.3461329590190871e-07 0.2918233573436737 0.9564722180366516 -4.0978193283081055e-08 0.0 0.0 0.0 1.0  </matrix>
					<node id="id-bone-5" sid="id-skelbones-2-2" name="Spine2" type="JOINT">
						<matrix sid="transform"> 1.0 1.09755387001087e-08 6.916300310244594e-10 3.193432795761328e-15 -1.0975531594681343e-08 0.9920879006385803 0.1255454272031784 0.8896732330322266 6.91760759785609e-10 -0.1255454123020172 0.9920879602432251 -5.960464477539063e-08 0.0 0.0 0.0 1.0  </matrix>
						<node id="id-bone-6" sid="id-skelbones-2-3" name="Neck" type="JOINT">
							<matrix sid="transform"> 1.0 2.5326810870751615e-08 4.805863227375085e-07 -3.174355496206793e-16 -1.6346903919384204e-07 0.957115888595581 0.2897051274776459 0.8382792472839355 -4.5263948322826764e-07 -0.2897051274776459 0.9571159482002258 -6.923002615621954e-09 0.0 0.0 0.0 1.0  </matrix>
							<node id="id-bone-7" sid="id-skelbones-2-4" name="Head" type="JOINT">
								<matrix sid="transform"> 0.9999997019767761 -0.0006871321820653975 -0.00030190724646672606 7.215587041710034e-14 0.0007181607070378959 0.9929028153419495 0.11892729997634888 0.5012081265449524 0.00021804575226269662 -0.1189274787902832 0.992902934551239 1.30385160446167e-07 0.0 0.0 0.0 1.0  </matrix>
							</node>
						</node>
						<node id="id-bone-8" sid="id-skelbones-2-5" name="Clavicle.L" type="JOINT">
							<matrix sid="transform"> 3.0033203302082256e-07 -0.9478750824928284 -0.3186410665512085 -3.174355496206793e-16 1.7939639462838386e-07 -0.31864097714424133 0.9478753209114075 0.8382792472839355 -0.9999996423721313 -2.220446049250313e-15 6.825209908356555e-08 -6.923002615621954e-09 0.0 0.0 0.0 1.0  </matrix>
							<node id="id-bone-9" sid="id-skelbones-2-6" name="UpperArm.L" type="JOINT">
								<matrix sid="transform"> 0.05290941521525383 0.045250147581100464 -0.9975736141204834 6.3086957879932015e-09 0.6463074088096619 0.7599737644195557 0.06875153630971909 0.7447652816772461 0.7612406611442566 -0.6483768820762634 0.010964246466755867 -2.0362575980925612e-07 0.0 0.0 0.0 1.0  </matrix>
								<node id="id-bone-10" sid="id-skelbones-2-7" name="LowerArm.L" type="JOINT">
									<matrix sid="transform"> 0.9978418350219727 -0.03789078816771507 -0.05362694710493088 1.1315569281578064e-07 0.03650490567088127 0.9989795684814453 -0.026590732857584953 1.2341907024383545 0.05457977205514908 0.024575691670179367 0.9982069134712219 1.4901161193847656e-08 0.0 0.0 0.0 1.0  </matrix>
									<node id="id-bone-11" sid="id-skelbones-2-8" name="Hand.L" type="JOINT">
										<matrix sid="transform"> 0.9776607751846313 0.2101244330406189 -0.005211865529417992 2.316679292846402e-09 -0.21015232801437378 0.9767263531684875 -0.042915575206279755 1.195677399635315 -0.003927042242139578 0.04305216297507286 0.9990651607513428 1.4901161193847656e-08 0.0 0.0 0.0 1.0  </matrix>
										<node id="id-bone-12" sid="id-skelbones-2-9" name="Thumb1.L" type="JOINT">
											<matrix sid="transform"> 0.9570512175559998 -0.2811126112937927 -0.07091332226991653 -0.11716854572296143 0.28982987999916077 0.9216301441192627 0.25806304812431335 0.1639307588338852 -0.007188938558101654 -0.2675324082374573 0.9635219573974609 -0.1659231185913086 0.0 0.0 0.0 1.0  </matrix>
											<node id="id-bone-13" sid="id-skelbones-2-10" name="Thumb2.L" type="JOINT">
												<matrix sid="transform"> 0.9966136813163757 -0.0808279886841774 0.015100199729204178 4.797745418727573e-07 0.0797288566827774 0.9049888253211975 -0.4178977906703949 0.1582483947277069 0.020112359896302223 0.4176865518093109 0.9083685278892517 5.960464477539063e-08 0.0 0.0 0.0 1.0  </matrix>
											</node>
										</node>
										<node id="id-bone-14" sid="id-skelbones-2-11" name="Index1.L" type="JOINT">
											<matrix sid="transform"> 0.9004340767860413 -0.4334651529788971 -0.03641927242279053 -0.007513999938964844 0.43485864996910095 0.8949205875396729 0.10007382929325104 0.3568572700023651 -0.010786152444779873 -0.1059471070766449 0.9943131804466248 -0.09750614315271378 0.0 0.0 0.0 1.0  </matrix>
											<node id="id-bone-15" sid="id-skelbones-2-12" name="Index2.L" type="JOINT">
												<matrix sid="transform"> 0.8409810662269592 -0.5410637855529785 0.000792577164247632 2.3811874427792645e-07 0.5391647219657898 0.8379048109054565 -0.08495143800973892 0.15126165747642517 0.04530005156993866 0.0718698799610138 0.9963847994804382 -7.450580596923828e-09 0.0 0.0 0.0 1.0  </matrix>
												<node id="id-bone-16" sid="id-skelbones-2-13" name="Index3.L" type="JOINT">
													<matrix sid="transform"> 0.9303513169288635 -0.3665531277656555 0.00923257414251566 -2.3880986077529087e-07 0.36666905879974365 0.9300922155380249 -0.02196141704916954 0.07267876714468002 -0.0005371180013753474 0.02381713315844536 0.9997162222862244 3.6088749766349792e-09 0.0 0.0 0.0 1.0  </matrix>
												</node>
											</node>
										</node>
										<node id="id-bone-17" sid="id-skelbones-2-14" name="Middle1.L" type="JOINT">
											<matrix sid="transform"> 0.8806243538856506 -0.4734681248664856 0.018129777163267136 -0.003490924369543791 0.47366952896118164 0.8806575536727905 -0.008907211944460869 0.3639598786830902 -0.0117488419637084 0.016431434080004692 0.9997959733009338 -0.01231648400425911 0.0 0.0 0.0 1.0  </matrix>
											<node id="id-bone-18" sid="id-skelbones-2-15" name="Middle2.L" type="JOINT">
												<matrix sid="transform"> 0.7601557970046997 -0.6405386924743652 -0.10896483063697815 5.840484718078187e-08 0.6492651700973511 0.7424241304397583 0.16511009633541107 0.15055838227272034 -0.024861296638846397 -0.19625642895698547 0.9802374243736267 9.313225746154785e-09 0.0 0.0 0.0 1.0  </matrix>
												<node id="id-bone-19" sid="id-skelbones-2-16" name="Middle3.L" type="JOINT">
													<matrix sid="transform"> 0.9913466572761536 -0.12689580023288727 -0.033607639372348785 7.197552776005978e-08 0.12941156327724457 0.9876702427864075 0.0880914255976677 0.08926022052764893 0.022014835849404335 -0.09167838096618652 0.9955453872680664 -2.9802322387695312e-08 0.0 0.0 0.0 1.0  </matrix>
												</node>
											</node>
										</node>
										<node id="id-bone-20" sid="id-skelbones-2-17" name="Ring1.L" type="JOINT">
											<matrix sid="transform"> 0.8906554579734802 -0.45298218727111816 -0.03924285247921944 -0.032898545265197754 0.454539030790329 0.8849189281463623 0.10155150294303894 0.3541875183582306 -0.011274277232587337 -0.10828482359647751 0.994055986404419 0.06787335872650146 0.0 0.0 0.0 1.0  </matrix>
											<node id="id-bone-21" sid="id-skelbones-2-18" name="Ring2.L" type="JOINT">
												<matrix sid="transform"> 0.6854958534240723 -0.6744641661643982 -0.2742144763469696 5.150262438746722e-09 0.7253597378730774 0.6651554107666016 0.17726051807403564 0.16295915842056274 0.06283938884735107 -0.3204154670238495 0.9451904296875 3.725290298461914e-09 0.0 0.0 0.0 1.0  </matrix>
												<node id="id-bone-22" sid="id-skelbones-2-19" name="Ring3.L" type="JOINT">
													<matrix sid="transform"> 0.9996879696846008 0.023876093327999115 0.007327649276703596 -3.6479769960351405e-07 -0.023136213421821594 0.9958210587501526 -0.08834540098905563 0.09408778697252274 -0.009406356140971184 0.0881483182311058 0.9960628747940063 -1.4901161193847656e-08 0.0 0.0 0.0 1.0  </matrix>
												</node>
											</node>
										</node>
										<node id="id-bone-23" sid="id-skelbones-2-20" name="Pinky1.L" type="JOINT">
											<matrix sid="transform"> 0.9430792927742004 -0.33153536915779114 -0.0261822659522295 -0.08140122890472412 0.3324652910232544 0.9379108548164368 0.09894273430109024 0.34690943360328674 -0.008246383629739285 -0.10201555490493774 0.994748592376709 0.1252148151397705 0.0 0.0 0.0 1.0  </matrix>
											<node id="id-bone-24" sid="id-skelbones-2-21" name="Pinky2.L" type="JOINT">
												<matrix sid="transform"> 0.735248327255249 -0.6241061687469482 -0.2643889784812927 -1.1166498836701066e-07 0.6756941676139832 0.7056134343147278 0.21341727674007416 0.12707071006298065 0.053361400961875916 -0.33556076884269714 0.9405059814453125 -2.2351741790771484e-08 0.0 0.0 0.0 1.0  </matrix>
												<node id="id-bone-25" sid="id-skelbones-2-22" name="Pinky3.L" type="JOINT">
													<matrix sid="transform"> 0.9710069894790649 -0.20411179959774017 -0.12443434447050095 3.3157661505356373e-07 0.22011485695838928 0.9664543867111206 0.1323453187942505 0.06422607600688934 0.09324687719345093 -0.1558980643749237 0.9833620190620422 -1.4901161193847656e-07 0.0 0.0 0.0 1.0  </matrix>
												</node>
											</node>
										</node>
									</node>
								</node>
							</node>
						</node>
						<node id="id-bone-26" sid="id-skelbones-2-23" name="Clavicle.R" type="JOINT">
							<matrix sid="transform"> 1.3745966498390771e-07 0.9478750228881836 0.3186410665512085 -3.174355496206793e-16 -2.3402422755225416e-07 -0.31864097714424133 0.9478753209114075 0.8382792472839355 0.9999996423721313 1.4901161193847656e-07 1.7960120146653935e-07 -6.923002615621954e-09 0.0 0.0 0.0 1.0  </matrix>
							<node id="id-bone-27" sid="id-skelbones-2-24" name="UpperArm.R" type="JOINT">
								<matrix sid="transform"> 0.05290951207280159 -0.0452500581741333 0.9975736141204834 -2.083396566376905e-09 -0.6463074088096619 0.7599737048149109 0.0687515139579773 0.7447652816772461 -0.7612406611442566 -0.6483769416809082 0.010964364744722843 -1.8166008430853253e-07 0.0 0.0 0.0 1.0  </matrix>
								<node id="id-bone-28" sid="id-skelbones-2-25" name="LowerArm.R" type="JOINT">
									<matrix sid="transform"> 0.9978418350219727 0.037890758365392685 0.05362698808312416 1.3504177331924438e-08 -0.03650493919849396 0.9989796280860901 -0.02659069187939167 1.2341907024383545 -0.05457982048392296 0.024575650691986084 0.9982069730758667 0.0 0.0 0.0 0.0 1.0  </matrix>
									<node id="id-bone-29" sid="id-skelbones-2-26" name="Hand.R" type="JOINT">
										<matrix sid="transform"> 0.9776607751846313 -0.2101244330406189 0.005211878567934036 -1.2068939270193368e-07 0.21015241742134094 0.9767263531684875 -0.04291557893157005 1.195677399635315 0.003927030134946108 0.04305216670036316 0.9990651607513428 9.313225746154785e-09 0.0 0.0 0.0 1.0  </matrix>
										<node id="id-bone-30" sid="id-skelbones-2-27" name="Thumb1.R" type="JOINT">
											<matrix sid="transform"> 0.9570512771606445 0.28111234307289124 0.07091330736875534 0.11716854572296143 -0.28982973098754883 0.9216300249099731 0.25806301832199097 0.16393111646175385 0.007188890594989061 -0.2675323188304901 0.9635219573974609 -0.1659231185913086 0.0 0.0 0.0 1.0  </matrix>
											<node id="id-bone-31" sid="id-skelbones-2-28" name="Thumb2.R" type="JOINT">
												<matrix sid="transform"> 0.996613621711731 0.08082824945449829 -0.015100270509719849 1.9582628851821937e-09 -0.07972906529903412 0.9049888849258423 -0.4178977906703949 0.1582481414079666 -0.020112350583076477 0.4176865518093109 0.9083685874938965 -7.450580596923828e-08 0.0 0.0 0.0 1.0  </matrix>
											</node>
										</node>
										<node id="id-bone-32" sid="id-skelbones-2-29" name="Index1.R" type="JOINT">
											<matrix sid="transform"> 0.9004340171813965 0.4334651529788971 0.03641927242279053 0.007513761520385742 -0.4348585903644562 0.8949206471443176 0.10007382184267044 0.3568577468395233 0.010786155238747597 -0.1059470996260643 0.99431312084198 -0.09750614315271378 0.0 0.0 0.0 1.0  </matrix>
											<node id="id-bone-33" sid="id-skelbones-2-30" name="Index2.R" type="JOINT">
												<matrix sid="transform"> 0.8409809470176697 0.5410640239715576 -0.0007925810059532523 5.996589891310578e-10 -0.5391649007797241 0.8379047513008118 -0.08495140820741653 0.15126122534275055 -0.04530004411935806 0.0718698501586914 0.996384859085083 0.0 0.0 0.0 0.0 1.0  </matrix>
												<node id="id-bone-34" sid="id-skelbones-2-31" name="Index3.R" type="JOINT">
													<matrix sid="transform"> 0.9303514361381531 0.36655324697494507 -0.009232569485902786 3.579341694148752e-07 -0.3666691482067108 0.9300923943519592 -0.021961430087685585 0.0726785883307457 0.0005371092702262104 0.023817142471671104 0.9997162818908691 9.313225746154785e-10 0.0 0.0 0.0 1.0  </matrix>
												</node>
											</node>
										</node>
										<node id="id-bone-35" sid="id-skelbones-2-32" name="Middle1.R" type="JOINT">
											<matrix sid="transform"> 0.8806242942810059 0.4734681248664856 -0.018129777163267136 0.003490924369543791 -0.4736693799495697 0.8806576132774353 -0.00890721008181572 0.36396023631095886 0.011748846620321274 0.016431426629424095 0.9997959136962891 -0.012316491454839706 0.0 0.0 0.0 1.0  </matrix>
											<node id="id-bone-36" sid="id-skelbones-2-33" name="Middle2.R" type="JOINT">
												<matrix sid="transform"> 0.7601554989814758 0.6405389308929443 0.10896484553813934 -2.371521219401984e-07 -0.6492653489112854 0.7424238920211792 0.16511008143424988 0.1505589783191681 0.024861320853233337 -0.19625642895698547 0.9802374243736267 -9.313225746154785e-09 0.0 0.0 0.0 1.0  </matrix>
												<node id="id-bone-37" sid="id-skelbones-2-34" name="Middle3.R" type="JOINT">
													<matrix sid="transform"> 0.9913465976715088 0.1268957108259201 0.033607665449380875 -8.518983207750352e-08 -0.1294114887714386 0.9876702427864075 0.08809143304824829 0.08926009386777878 -0.022014861926436424 -0.09167838096618652 0.9955453872680664 5.960464477539063e-08 0.0 0.0 0.0 1.0  </matrix>
												</node>
											</node>
										</node>
										<node id="id-bone-38" sid="id-skelbones-2-35" name="Ring1.R" type="JOINT">
											<matrix sid="transform"> 0.8906553983688354 0.45298221707344055 0.03924284875392914 0.0328984260559082 -0.4545390009880066 0.8849189281463623 0.10155151784420013 0.3541879951953888 0.01127428375184536 -0.10828482359647751 0.9940559267997742 0.06787335127592087 0.0 0.0 0.0 1.0  </matrix>
											<node id="id-bone-39" sid="id-skelbones-2-36" name="Ring2.R" type="JOINT">
												<matrix sid="transform"> 0.6854955554008484 0.6744643449783325 0.27421459555625916 1.1454952186795708e-07 -0.7253600358963013 0.6651554107666016 0.17726047337055206 0.16295987367630005 -0.06283941119909286 -0.32041558623313904 0.9451904892921448 -7.450580596923828e-09 0.0 0.0 0.0 1.0  </matrix>
												<node id="id-bone-40" sid="id-skelbones-2-37" name="Ring3.R" type="JOINT">
													<matrix sid="transform"> 0.9996880888938904 -0.02387622371315956 -0.007327706087380648 2.994571843828453e-07 0.023136252537369728 0.9958212375640869 -0.0883454978466034 0.0940876305103302 0.0094064362347126 0.08814837038516998 0.9960630536079407 -3.725290298461914e-08 0.0 0.0 0.0 1.0  </matrix>
												</node>
											</node>
										</node>
										<node id="id-bone-41" sid="id-skelbones-2-38" name="Pinky1.R" type="JOINT">
											<matrix sid="transform"> 0.9430793523788452 0.3315353989601135 0.026182260364294052 0.08140122890472412 -0.3324653208255768 0.9379109740257263 0.09894271939992905 0.3469098210334778 0.008246387355029583 -0.10201554000377655 0.9947484731674194 0.1252148151397705 0.0 0.0 0.0 1.0  </matrix>
											<node id="id-bone-42" sid="id-skelbones-2-39" name="Pinky2.R" type="JOINT">
												<matrix sid="transform"> 0.7352480292320251 0.6241063475608826 0.2643890976905823 1.11305730854383e-07 -0.6756943464279175 0.7056134343147278 0.21341733634471893 0.12707006931304932 -0.053361374884843826 -0.3355608582496643 0.9405059814453125 -2.60770320892334e-08 0.0 0.0 0.0 1.0  </matrix>
												<node id="id-bone-43" sid="id-skelbones-2-40" name="Pinky3.R" type="JOINT">
													<matrix sid="transform"> 0.9710069298744202 0.20411190390586853 0.12443432956933975 -9.69090905300618e-08 -0.22011487185955048 0.966454267501831 0.1323452591896057 0.06422605365514755 -0.09324686229228973 -0.15589797496795654 0.9833618998527527 -1.043081283569336e-07 0.0 0.0 0.0 1.0  </matrix>
												</node>
											</node>
										</node>
									</node>
								</node>
							</node>
						</node>
					</node>
				</node>
				<node id="id-bone-44" sid="id-skelbones-2-41" name="Thigh.L" type="JOINT">
					<matrix sid="transform"> -0.999764084815979 -8.327048271894455e-05 0.021719830110669136 -0.3620000183582306 -0.003278028219938278 -0.9879600405693054 -0.15467669069766998 -0.0001845547230914235 0.021471142768859863 -0.15471051633358002 0.9877293109893799 -0.18335561454296112 0.0 0.0 0.0 1.0  </matrix>
					<node id="id-bone-45" sid="id-skelbones-2-42" name="Shin.L" type="JOINT">
						<matrix sid="transform"> 0.9997641444206238 0.0019520926289260387 0.02163200080394745 -1.1699739843606949e-08 8.325290400534868e-05 0.995601236820221 -0.09369171410799026 2.07509446144104 -0.021719742566347122 0.09367141872644424 0.9953663349151611 -1.862645149230957e-09 0.0 0.0 0.0 1.0  </matrix>
						<node id="id-bone-46" sid="id-skelbones-2-43" name="Foot.L" type="JOINT">
							<matrix sid="transform"> 1.0 2.4399957965215435e-07 2.547386372953042e-07 -1.824218820445367e-08 -3.3792412068578415e-07 0.45554298162460327 0.8902138471603394 1.9373559951782227 1.0116737314547208e-07 -0.8902139067649841 0.4555428624153137 1.0459778820859356e-08 0.0 0.0 0.0 1.0  </matrix>
							<node id="id-bone-47" sid="id-skelbones-2-44" name="Toe.L" type="JOINT">
								<matrix sid="transform"> 1.0 -6.221517310223135e-07 -2.1590050891973078e-05 -3.9276827124012925e-08 1.1872466529894155e-05 0.8508644104003906 0.5253854990005493 0.6301553249359131 1.804333624022547e-05 -0.5253854393959045 0.8508644700050354 -1.0328875532650272e-09 0.0 0.0 0.0 1.0  </matrix>
							</node>
						</node>
					</node>
				</node>
				<node id="id-bone-48" sid="id-skelbones-2-45" name="Thigh.R" type="JOINT">
					<matrix sid="transform"> -0.9997640252113342 8.321274071931839e-05 -0.021719569340348244 0.3619999587535858 0.003278044518083334 -0.9879599809646606 -0.1546766757965088 -0.0001850296976044774 -0.021470872685313225 -0.15471051633358002 0.9877292513847351 -0.18335579335689545 0.0 0.0 0.0 1.0  </matrix>
					<node id="id-bone-49" sid="id-skelbones-2-46" name="Shin.R" type="JOINT">
						<matrix sid="transform"> 0.9997642636299133 -0.0019521077629178762 -0.021632041782140732 4.71482053399086e-09 -8.324221562361345e-05 0.9956012964248657 -0.09369172900915146 2.075094699859619 0.021719785407185555 0.09367143362760544 0.9953663945198059 -5.587935447692871e-09 0.0 0.0 0.0 1.0  </matrix>
						<node id="id-bone-50" sid="id-skelbones-2-47" name="Foot.R" type="JOINT">
							<matrix sid="transform"> 1.0 -2.4389348141085065e-07 -2.545313861901377e-07 4.7956383752989495e-08 3.376913184638397e-07 0.4555429518222809 0.8902139067649841 1.9373559951782227 -1.011673873563268e-07 -0.8902139663696289 0.45554280281066895 2.2319994741337723e-08 0.0 0.0 0.0 1.0  </matrix>
							<node id="id-bone-51" sid="id-skelbones-2-48" name="Toe.R" type="JOINT">
								<matrix sid="transform"> 1.0 6.221516741788946e-07 2.1590052710962482e-05 9.474676154752615e-09 -1.187246380141005e-05 0.8508643507957458 0.525385320186615 0.6301553845405579 -1.804333624022547e-05 -0.5253853797912598 0.8508642911911011 -1.201881616452738e-08 0.0 0.0 0.0 1.0  </matrix>
							</node>
						</node>
					</node>
				</node>
			</node>
			<node id="id-bone-52" sid="id-skelbones-2-49" name="FootIK.L" type="JOINT">
				<matrix sid="transform"> 1.0 0.0 0.0 0.3621727228164673 0.0 1.0 0.0 0.2602967619895935 0.0 0.0 1.0 0.4083070755004883 0.0 0.0 0.0 1.0  </matrix>
			</node>
			<node id="id-bone-53" sid="id-skelbones-2-50" name="FootIK.R" type="JOINT">
				<matrix sid="transform"> 1.0 0.0 0.0 -0.3621727228164673 0.0 1.0 0.0 0.2602967619895935 0.0 0.0 1.0 0.4083070755004883 0.0 0.0 0.0 1.0  </matrix>
			</node>
			<node id="id-bone-54" sid="id-skelbones-2-51" name="KneeTarget.L" type="JOINT">
				<matrix sid="transform"> -1.0 0.0 0.0 0.3621727228164673 0.0 -1.0 0.0 -1.8402737379074097 0.0 0.0 1.0 2.3342180252075195 0.0 0.0 0.0 1.0  </matrix>
			</node>
			<node id="id-bone-55" sid="id-skelbones-2-52" name="KneeTarget.R" type="JOINT">
				<matrix sid="transform"> -1.0 0.0 0.0 -0.3621727228164673 0.0 -1.0 0.0 -1.8402737379074097 0.0 0.0 1.0 2.3342180252075195 0.0 0.0 0.0 1.0  </matrix>
			</node>
		</node>
	</visual_scene>
</library_visual_scenes>
<library_animations>
	<animation id="id-anim-56">
		<source id="id-anim-56-input">
			<float_array id="id-anim-56-input-array" count="26"> 0.0 0.016666666666666666 0.03333333333333333 0.05 0.06666666666666667 0.08333333333333333 0.1 0.11666666666666667 0.13333333333333333 0.15 0.16666666666666666 0.18333333333333332 0.2 0.21666666666666667 0.23333333333333334 0.25 0.26666666666666666 0.2833333333333333 0.3 0.31666666666666665 0.3333333333333333 0.35 0.36666666666666664 0.3833333333333333 0.4 0.4166666666666667</float_array>
			<technique_common>
				<accessor source="#id-anim-56-input-array" count="26" stride="1">
					<param name="TIME" type="float"/>
				</accessor>
			</technique_common>
		</source>
		<source id="id-anim-56-transform-output">
			<float_array id="id-anim-56-transform-output-array" count="416">  0.20860715210437775 0.0 0.0 0.0 0.0 0.20860715210437775 0.0 0.0 0.0 0.0 0.20860715210437775 0.0 0.0 0.0 0.0 1.0    0.20860715210437775 0.0 0.0 0.0 0.0 0.20860715210437775 0.0 0.0 0.0 0.0 0.20860715210437775 0.0 0.0 0.0 0.0 1.0    0.20860715210437775 0.0 0.0 0.0 0.0 0.20860715210437775 0.0 0.0 0.0 0.0 0.20860715210437775 0.0 0.0 0.0 0.0 1.0    0.20860715210437775 0.0 0.0 0.0 0.0 0.20860715210437775 0.0 0.0 0.0 0.0 0.20860715210437775 0.0 0.0 0.0 0.0 1.0    0.20860715210437775 0.0 0.0 0.0 0.0 0.20860715210437775 0.0 0.0 0.0 0.0 0.20860715210437775 0.0 0.0 0.0 0.0 1.0    0.20860715210437775 0.0 0.0 0.0 0.0 0.20860715210437775 0.0 0.0 0.0 0.0 0.20860715210437775 0.0 0.0 0.0 0.0 1.0    0.20860715210437775 0.0 0.0 0.0 0.0 0.20860715210437775 0.0 0.0 0.0 0.0 0.20860715210437775 0.0 0.0 0.0 0.0 1.0    0.20860715210437775 0.0 0.0 0.0 0.0 0.20860715210437775 0.0 0.0 0.0 0.0 0.20860715210437775 0.0 0.0 0.0 0.0 1.0    0.20860715210437775 0.0 0.0 0.0 0.0 0.20860715210437775 0.0 0.0 0.0 0.0 0.20860715210437775 0.0 0.0 0.0 0.0 1.0    0.20860715210437775 0.0 0.0 0.0 0.0 0.20860715210437775 0.0 0.0 0.0 0.0 0.20860715210437775 0.0 0.0 0.0 0.0 1.0    0.20860715210437775 0.0 0.0 0.0 0.0 0.20860715210437775 0.0 0.0 0.0 0.0 0.20860715210437775 0.0 0.0 0.0 0.0 1.0    0.20860715210437775 0.0 0.0 0.0 0.0 0.20860715210437775 0.0 0.0 0.0 0.0 0.20860715210437775 0.0 0.0 0.0 0.0 1.0    0.20860715210437775 0.0 0.0 0.0 0.0 0.20860715210437775 0.0 0.0 0.0 0.0 0.20860715210437775 0.0 0.0 0.0 0.0 1.0    0.20860715210437775 0.0 0.0 0.0 0.0 0.20860715210437775 0.0 0.0 0.0 0.0 0.20860715210437775 0.0 0.0 0.0 0.0 1.0    0.20860715210437775 0.0 0.0 0.0 0.0 0.20860715210437775 0.0 0.0 0.0 0.0 0.20860715210437775 0.0 0.0 0.0 0.0 1.0    0.20860715210437775 0.0 0.0 0.0 0.0 0.20860715210437775 0.0 0.0 0.0 0.0 0.20860715210437775 0.0 0.0 0.0 0.0 1.0    0.20860715210437775 0.0 0.0 0.0 0.0 0.20860715210437775 0.0 0.0 0.0 0.0 0.20860715210437775 0.0 0.0 0.0 0.0 1.0    0.20860715210437775 0.0 0.0 0.0 0.0 0.20860715210437775 0.0 0.0 0.0 0.0 0.20860715210437775 0.0 0.0 0.0 0.0 1.0    0.20860715210437775 0.0 0.0 0.0 0.0 0.20860715210437775 0.0 0.0 0.0 0.0 0.20860715210437775 0.0 0.0 0.0 0.0 1.0    0.20860715210437775 0.0 0.0 0.0 0.0 0.20860715210437775 0.0 0.0 0.0 0.0 0.20860715210437775 0.0 0.0 0.0 0.0 1.0    0.20860715210437775 0.0 0.0 0.0 0.0 0.20860715210437775 0.0 0.0 0.0 0.0 0.20860715210437775 0.0 0.0 0.0 0.0 1.0    0.20860715210437775 0.0 0.0 0.0 0.0 0.20860715210437775 0.0 0.0 0.0 0.0 0.20860715210437775 0.0 0.0 0.0 0.0 1.0    0.20860715210437775 0.0 0.0 0.0 0.0 0.20860715210437775 0.0 0.0 0.0 0.0 0.20860715210437775 0.0 0.0 0.0 0.0 1.0    0.20860715210437775 0.0 0.0 0.0 0.0 0.20860715210437775 0.0 0.0 0.0 0.0 0.20860715210437775 0.0 0.0 0.0 0.0 1.0    0.20860715210437775 0.0 0.0 0.0 0.0 0.20860715210437775 0.0 0.0 0.0 0.0 0.20860715210437775 0.0 0.0 0.0 0.0 1.0    0.20860715210437775 0.0 0.0 0.0 0.0 0.20860715210437775 0.0 0.0 0.0 0.0 0.20860715210437775 0.0 0.0 0.0 0.0 1.0  </float_array>
			<technique_common>
				<accessor source="#id-anim-56-transform-output-array" count="26" stride="16">
					<param name="TRANSFORM" type="float4x4"/>
				</accessor>
			</technique_common>
		</source>
		<source id="id-anim-56-interpolation-output">
			<Name_array id="id-anim-56-interpolation-output-array" count="26"> LINEAR LINEAR LINEAR LINEAR LINEAR LINEAR LINEAR LINEAR LINEAR LINEAR LINEAR LINEAR LINEAR LINEAR LINEAR LINEAR LINEAR LINEAR LINEAR LINEAR LINEAR LINEAR LINEAR LINEAR LINEAR LINEAR</Name_array>
			<technique_common>
				<accessor source="#id-anim-56-interpolation-output-array" count="26" stride="1">
					<param name="INTERPOLATION" type="Name"/>
				</accessor>
			</technique_common>
		</source>
		<sampler id="id-anim-56-sampler">
			<input semantic="INPUT" source="#id-anim-56-input"/>
			<input semantic="OUTPUT" source="#id-anim-56-transform-output"/>
			<input semantic="INTERPOLATION" source="#id-anim-56-interpolation-output"/>
		</sampler>
		<channel source="#id-anim-56-sampler" target="Armature/transform"/>
	</animation>
	<animation id="id-anim-57">
		<source id="id-anim-57-input">
			<float_array id="id-anim-57-input-array" count="26"> 0.0 0.016666666666666666 0.03333333333333333 0.05 0.06666666666666667 0.08333333333333333 0.1 0.11666666666666667 0.13333333333333333 0.15 0.16666666666666666 0.18333333333333332 0.2 0.21666666666666667 0.23333333333333334 0.25 0.26666666666666666 0.2833333333333333 0.3 0.31666666666666665 0.3333333333333333 0.35 0.36666666666666664 0.3833333333333333 0.4 0.4166666666666667</float_array>
			<technique_common>
				<accessor source="#id-anim-57-input-array" count="26" stride="1">
					<param name="TIME" type="float"/>
				</accessor>
			</technique_common>
		</source>
		<source id="id-anim-57-transform-output">
			<float_array id="id-anim-57-transform-output-array" count="416">  -1.0 1.7763568394002505e-15 1.509957741063772e-07 0.0 1.488126315507543e-07 -0.16943368315696716 0.9855414628982544 0.19196158647537231 2.5583778651139255e-08 0.9855412840843201 0.1694338470697403 4.440329074859619 0.0 0.0 0.0 1.0    -0.9847943186759949 -0.02943475916981697 0.17121264338493347 -2.588693259752972e-09 0.1736685037612915 -0.1917998492717743 0.9659460783004761 0.19196158647537231 0.004406198859214783 0.9809922575950623 0.1939954310655594 4.361542701721191 0.0 0.0 0.0 1.0    -0.9862058162689209 -0.028045302256941795 0.16313061118125916 -2.475121885225917e-09 0.16547055542469025 -0.19203892350196838 0.9673367142677307 0.19196158647537231 0.004198208451271057 0.9809861779212952 0.19403071701526642 4.365981578826904 0.0 0.0 0.0 1.0    -0.9897004961967468 -0.024255068972706795 0.14108404517173767 -2.1911930048190698e-09 0.14310775697231293 -0.1926308274269104 0.9707797169685364 0.19196158647537231 0.0036308374255895615 0.9809711575508118 0.19411806762218475 4.377079486846924 0.0 0.0 0.0 1.0    -0.9939385652542114 -0.018627014011144638 0.10834745317697525 -1.8220857045392336e-09 0.10990158468484879 -0.19334867596626282 0.9749552607536316 0.19196158647537231 0.0027883555740118027 0.9809529781341553 0.194224014878273 4.391507148742676 0.0 0.0 0.0 1.0    -0.9975979328155518 -0.011736687272787094 0.06826864182949066 -1.4529784042593974e-09 0.06924788653850555 -0.1939685046672821 0.9785605072975159 0.19196158647537231 0.0017569204792380333 0.9809372425079346 0.19431547820568085 4.4059343338012695 0.0 0.0 0.0 1.0    -0.9996951818466187 -0.004183188546448946 0.024332381784915924 -1.169049301807945e-09 0.024681400507688522 -0.19432374835014343 0.9806267619132996 0.19196158647537231 0.0006262168753892183 0.9809282422065735 0.1943679004907608 4.417032718658447 0.0 0.0 0.0 1.0    -0.9997968077659607 0.0034152385778725147 -0.019865229725837708 -2.588693481797577e-09 -0.020150180906057358 -0.19434094429016113 0.980726957321167 0.19196158647537231 -0.0005112150683999062 0.9809278249740601 0.19437043368816376 4.42147159576416 0.0 0.0 0.0 1.0    -0.9980783462524414 0.010498888790607452 -0.061068546026945114 -2.702264856324632e-09 -0.06194451451301575 -0.1940498799085617 0.979033887386322 0.19196158647537231 -0.0015715882182121277 0.9809351563453674 0.1943274885416031 4.417032718658447 0.0 0.0 0.0 1.0    -0.9950899481773376 0.016769658774137497 -0.09754359722137451 -2.9861937367314795e-09 -0.09894276410341263 -0.1935437172651291 0.9760896563529968 0.19196158647537231 -0.0025102784857153893 0.9809480309486389 0.19425278902053833 4.4059343338012695 0.0 0.0 0.0 1.0    -0.9915300607681274 0.022005628794431686 -0.12799952924251556 -3.355300925989013e-09 -0.1298355609178543 -0.19294072687625885 0.9725823402404785 0.19196158647537231 -0.0032940618693828583 0.9809632897377014 0.19416381418704987 4.391507148742676 0.0 0.0 0.0 1.0    -0.9881589412689209 0.02599683403968811 -0.1512150913476944 -3.724408337291152e-09 -0.15338411927223206 -0.1923697292804718 0.9692610502243042 0.19196158647537231 -0.003891516476869583 0.9809777736663818 0.19407954812049866 4.377079486846924 0.0 0.0 0.0 1.0    -0.985710620880127 0.02854068949818611 -0.16601188480854034 -4.008337661787209e-09 -0.16839317977428436 -0.19195502996444702 0.9668488502502441 0.19196158647537231 -0.00427231565117836 0.9809883236885071 0.19401834905147552 4.365981578826904 0.0 0.0 0.0 1.0    -0.9847943186759949 0.029434751719236374 -0.1712123453617096 -1.4426243533094407e-09 -0.17366822063922882 -0.1917998492717743 0.9659461379051208 0.19196158647537231 -0.004406146705150604 0.9809922575950623 0.1939954310655594 4.361542701721191 0.0 0.0 0.0 1.0    -0.9862058162689209 0.0280452948063612 -0.16313031315803528 -1.3290527567377808e-09 -0.16547027230262756 -0.19203892350196838 0.9673367738723755 0.19196158647537231 -0.004198156297206879 0.9809861779212952 0.1940307319164276 4.365981578826904 0.0 0.0 0.0 1.0    -0.9897004961967468 0.024255061522126198 -0.1410837471485138 -1.0451239873532359e-09 -0.14310747385025024 -0.1926308274269104 0.9707797765731812 0.19196158647537231 -0.003630785271525383 0.9809711575508118 0.19411808252334595 4.377079486846924 0.0 0.0 0.0 1.0    -0.9939385652542114 0.01862700656056404 -0.10834715515375137 -6.760166870733997e-10 -0.1099012941122055 -0.19334867596626282 0.9749552607536316 0.19196158647537231 -0.002788303419947624 0.9809529781341553 0.194224014878273 4.391507148742676 0.0 0.0 0.0 1.0    -0.9975979328155518 0.011736679822206497 -0.06826834380626678 -3.0690933128241227e-10 -0.06924758851528168 -0.1939685046672821 0.9785605072975159 0.19196158647537231 -0.001756870187819004 0.9809372425079346 0.19431549310684204 4.4059343338012695 0.0 0.0 0.0 1.0    -0.9996951818466187 0.004183181095868349 -0.02433208003640175 -2.298033985326242e-11 -0.024681102484464645 -0.19432374835014343 0.9806268215179443 0.19196158647537231 -0.0006261656526476145 0.9809282422065735 0.1943679004907608 4.417032718658447 0.0 0.0 0.0 1.0    -0.9997968077659607 -0.0034152460284531116 0.019865531474351883 1.623806200612421e-09 0.020150477066636086 -0.19434094429016113 0.980726957321167 0.19196158647537231 0.00051126629114151 0.9809278249740601 0.19437043368816376 4.42147159576416 0.0 0.0 0.0 1.0    -0.9980783462524414 -0.01049889624118805 0.06106884405016899 1.510234826085366e-09 0.061944812536239624 -0.1940498799085617 0.9790338277816772 0.19196158647537231 0.001571638509631157 0.9809351563453674 0.1943274885416031 4.417032718658447 0.0 0.0 0.0 1.0    -0.9950899481773376 -0.016769666224718094 0.09754389524459839 1.2263059456785186e-09 0.0989430621266365 -0.1935437172651291 0.976089596748352 0.19196158647537231 0.0025103287771344185 0.9809480309486389 0.19425278902053833 4.4059343338012695 0.0 0.0 0.0 1.0    -0.9915300607681274 -0.022005636245012283 0.12799982726573944 8.571987564209849e-10 0.12983585894107819 -0.19294072687625885 0.9725822806358337 0.19196158647537231 0.0032941140234470367 0.9809632897377014 0.19416379928588867 4.391507148742676 0.0 0.0 0.0 1.0    -0.9881589412689209 -0.025996841490268707 0.15121538937091827 4.880912340965438e-10 0.15338441729545593 -0.1923697292804718 0.9692609906196594 0.19196158647537231 0.0038915686309337616 0.9809777736663818 0.19407954812049866 4.377079486846924 0.0 0.0 0.0 1.0    -0.985710620880127 -0.02854069694876671 0.16601218283176422 2.0416202062278899e-10 0.16839346289634705 -0.19195502996444702 0.9668487906455994 0.19196158647537231 0.0042723678052425385 0.9809883236885071 0.19401833415031433 4.365981578826904 0.0 0.0 0.0 1.0    -0.9847943186759949 -0.02943475916981697 0.17121264338493347 -2.588693259752972e-09 0.1736685037612915 -0.1917998492717743 0.9659460783004761 0.19196158647537231 0.004406198859214783 0.9809922575950623 0.1939954310655594 4.361542701721191 0.0 0.0 0.0 1.0  </float_array>
			<technique_common>
				<accessor source="#id-anim-57-transform-output-array" count="26" stride="16">
					<param name="TRANSFORM" type="float4x4"/>
				</accessor>
			</technique_common>
		</source>
		<source id="id-anim-57-interpolation-output">
			<Name_array id="id-anim-57-interpolation-output-array" count="26"> LINEAR LINEAR LINEAR LINEAR LINEAR LINEAR LINEAR LINEAR LINEAR LINEAR LINEAR LINEAR LINEAR LINEAR LINEAR LINEAR LINEAR LINEAR LINEAR LINEAR LINEAR LINEAR LINEAR LINEAR LINEAR LINEAR</Name_array>
			<technique_common>
				<accessor source="#id-anim-57-interpolation-output-array" count="26" stride="1">
					<param name="INTERPOLATION" type="Name"/>
				</accessor>
			</technique_common>
		</source>
		<sampler id="id-anim-57-sampler">
			<input semantic="INPUT" source="#id-anim-57-input"/>
			<input semantic="OUTPUT" source="#id-anim-57-transform-output"/>
			<input semantic="INTERPOLATION" source="#id-anim-57-interpolation-output"/>
		</sampler>
		<channel source="#id-anim-57-sampler" target="id-bone-3/transform"/>
	</animation>
	<animation id="id-anim-58">
		<source id="id-anim-58-input">
			<float_array id="id-anim-58-input-array" count="26"> 0.0 0.016666666666666666 0.03333333333333333 0.05 0.06666666666666667 0.08333333333333333 0.1 0.11666666666666667 0.13333333333333333 0.15 0.16666666666666666 0.18333333333333332 0.2 0.21666666666666667 0.23333333333333334 0.25 0.26666666666666666 0.2833333333333333 0.3 0.31666666666666665 0.3333333333333333 0.35 0.36666666666666664 0.3833333333333333 0.4 0.4166666666666667</float_array>
			<technique_common>
				<accessor source="#id-anim-58-input-array" count="26" stride="1">
					<param name="TIME" type="float"/>
				</accessor>
			</technique_common>
		</source>
		<source id="id-anim-58-transform-output">
